%% colors for PVI experiment
red = [0.89 0.094 0.094];
blue = [0.220 0.459 0.729];
yellow = [0.878 0.694 0.094];
green = [0.227 0.667 0.208];
grey = [0.616 0.616 0.616];

red_lt = [0.945 0.552 0.565];
blue_lt = [0.737 0.812 0.898];
yellow_lt = [0.996 0.949 0.565];
green_lt = [0.675 0.808 0.459];
grey_lt = [0.886 0.878 0.878];

pvi_colors_mat = cat(1,red,green,orange,blue,grey);