%% colors for PVI experiment
red = [0.9176470588235294 0.1333333333333333 0.1411764705882353];
green = [0.4117647058823529 0.7372549019607843 0.2705882352941176];
orange = [0.9450980392156863 0.396078431372549 0.1333333333333333];
blue = [0.1058823529411765 0.4588235294117647 0.7333333333333333];
grey = [0.3529411764705882 0.3529411764705882 0.3529411764705882];

pvi_colors_mat = cat(1,red,green,orange,blue,grey);

pvi_colors_mat(1,:);